Drone_1:
-3.426953361612079 2.9807944680100658 0.0
-3.426953361612079 2.9807944680100658 0.0
-3.426953361612079 2.9807944680100658 0.0
-3.426953361612079 2.9807944680100658 0.0
-3.403906723224158 2.9615889360201315 0.0
-3.3793332523425192 2.9411110436187657 0.0
-3.3563018340160435 2.9219181950133697 0.0
-3.3332634249380453 2.9027195207817043 0.0
-3.3101625539402053 2.883468794950171 0.0
-3.2871033877382967 2.864252823115247 0.0
-3.264121808379273 2.8451015069827275 0.0
-3.241108534182649 2.8259237784855404 0.0
-3.2180583557560816 2.806715296463401 0.0
-3.194980681854058 2.7874839015450483 0.0
-3.171994678064965 2.7683288983874705 0.0
-3.1490012570074013 2.749167714172834 0.0
-3.1258402633090405 2.729866886090867 0.0
-3.10268271669087 2.710568930575725 0.0
-3.079629445151221 2.691357870959351 0.0
-3.0564911090483022 2.6720759242069185 0.0
-3.033494494451813 2.652912078709844 0.0
-3.0106269870598714 2.6338558225498927 0.0
-2.9875848620809107 2.614654051734092 0.0
-2.964524258938444 2.5954368824487033 0.0
-2.941487489993703 2.576239574994752 0.0
-2.9184540137558748 2.557045011463229 0.0
-2.8953933030875207 2.537827752572934 0.0
-2.8723175291391105 2.5185979409492587 0.0
-2.849289766501764 2.4994081387514697 0.0
-2.8262520446123425 2.4802100371769518 0.0
-2.803185781501789 2.460988151251491 0.0
-2.7801366344606864 2.4417805287172385 0.0
-2.7570983955935673 2.4225819963279727 0.0
-2.7340487615578595 2.4033739679648827 0.0
-2.711006745713676 2.38417228809473 0.0
-2.6879638925172014 2.3649699104310007 0.0
-2.664915453049197 2.3457628775409973 0.0
-2.641874228204252 2.3265618568368764 0.0
-2.6188177070758663 2.3073480892298885 0.0
-2.595786024246931 2.288155020205776 0.0
-2.5727360444630425 2.268946703719202 0.0
-2.5497179976978743 2.2497649980815617 0.0
-2.5266778507639236 2.230564875636603 0.0
-2.503577487242854 2.211314572702378 0.0
-2.480537483322795 2.1921145694356623 0.0
-2.4575002239498227 2.1729168532915186 0.0
-2.4344586270179307 2.1537155225149425 0.0
-2.4114042605006767 2.134503550417231 0.0
-2.388335254271117 2.115279378559265 0.0
-2.3652779293386024 2.0960649411155026 0.0
-2.342245974005069 2.0768716450042253 0.0
-2.3126476405533873 2.072082651128081 0.0
-2.282776464698442 2.066081189252611 0.0
-2.2539281965873883 2.057765527826827 0.0
-2.2257819614365753 2.0481019576722512 0.0
-2.1978859889756497 2.0370292148343907 0.0
-2.170587301365462 2.0245960328616994 0.0
-2.1439116493966277 2.0108271154515767 0.0
-2.117938326513692 1.995763065856538 0.0
-2.119340387582764 2.1169045138532137 0.0
-2.088882588806293 2.100415224447129 0.0
-2.0591164499505625 2.082572594535418 0.0
-2.029637145835836 2.0634930497863233 0.0
-1.9993110247216668 2.04402659110263 0.0
-1.9681065606583623 2.024143448777803 0.0

Drone_2:
-2.976953361612079 3.430794468010066 0.0
-2.976953361612079 3.430794468010066 0.0
-2.976953361612079 3.430794468010066 0.0
-2.976953361612079 3.430794468010066 0.0
-2.953906723224158 3.4115889360201317 0.0
-2.9293330692560833 3.3911108910467362 0.0
-2.906301524907012 3.37191793742251 0.0
-2.8832634656787657 3.3527195547323045 0.0
-2.8601625038636884 3.3334687532197407 0.0
-2.8371033492711066 3.3142527910592556 0.0
-2.814121967021251 3.2951016391843764 0.0
-2.7911085457682763 3.2759237881402306 0.0
-2.768058194890057 3.2567151624083808 0.0
-2.744980657968272 3.2374838816402267 0.0
-2.7219950595902027 3.218329216325169 0.0
-2.6990012607445157 3.199167717287097 0.0
-2.675839905245301 3.179866587704417 0.0
-2.6526830146144733 3.1605691788453947 0.0
-2.6296296040111 3.1413580033425834 0.0
-2.606490778896345 3.1220756490802875 0.0
-2.583494252023036 3.1029118766858637 0.0
-2.560626976082257 3.0838558134018808 0.0
-2.5375848639999408 3.0646540533332844 0.0
-2.514524275839291 3.0454368965327427 0.0
-2.4914874705281447 3.026239558773454 0.0
-2.4684540103556474 3.0070450086297065 0.0
-2.4453932785698944 2.9878277321415787 0.0
-2.4223175010045193 2.9685979175037662 0.0
-2.3992897518547047 2.9494081265455874 0.0
-2.3762520582817612 2.9302100485681346 0.0
-2.3531857693005525 2.910988141083794 0.0
-2.3301365913465557 2.8917804927887967 0.0
-2.307098380122395 2.8725819834353294 0.0
-2.2840487672521896 2.853373972710158 0.0
-2.261006733386757 2.8341722778222977 0.0
-2.2379638708563925 2.8149698923803275 0.0
-2.214915409069541 2.7957628408912845 0.0
-2.191874224328641 2.776561853607201 0.0
-2.168817602292721 2.757348001910601 0.0
-2.145786016997363 2.738155014164469 0.0
-2.122736137627263 2.7189467813560526 0.0
-2.0997179635309404 2.699764969609117 0.0
-2.076677873948015 2.6805648949566794 0.0
-2.053577479404625 2.661314566170521 0.0
-2.0305374500419346 2.6421145417016123 0.0
-2.007500212730576 2.622916843942147 0.0
-1.9844586167539748 2.603715513961646 0.0
-1.9614042526469948 2.584503543872496 0.0
-1.9383351201833015 2.5652792668194184 0.0
-1.9152778723949893 2.546064893662492 0.0
-1.8922461052732817 2.526871754394403 0.0
-1.862647654609914 2.5220826628418536 0.0
-1.8327764472105819 2.516081184329954 0.0
-1.8039281563865297 2.5077655181618237 0.0
-1.7757819379308601 2.498101950955472 0.0
-1.7478859855692508 2.4870292134779213 0.0
-1.7205872454738091 2.474596010625985 0.0
-1.6939116511179495 2.4608271161877218 0.0
-1.6679383537971568 2.4457630797110648 0.0
-1.642750276637667 2.4294528013778884 0.0
-1.6183810658808242 2.4119244621830322 0.0
-1.5949828485431246 2.39328808439973 0.0
-1.5722839507024822 2.37368628691463 0.0
-1.5494880230296477 2.3540264436511515 0.0
-1.5266096394778377 2.334401902083953 0.0

Drone_3:
-2.5269533616120787 2.9807944680100658 0.0
-2.5269533616120787 2.9807944680100658 0.0
-2.5269533616120787 2.9807944680100658 0.0
-2.5269533616120787 2.9807944680100658 0.0
-2.5039067232241576 2.9615889360201315 0.0
-2.479332982313093 2.941110818594244 0.0
-2.4563013679946315 2.921917806662193 0.0
-2.433263467539494 2.902719556282912 0.0
-2.410162511451601 2.883468759543001 0.0
-2.387103335194151 2.864252779328459 0.0
-2.3641220485329373 2.845101707110781 0.0
-2.3411084274664673 2.825923689555389 0.0
-2.3180580903176042 2.8067150752646706 0.0
-2.294980780867664 2.7874839840563865 0.0
-2.2719952613236276 2.7683293844363566 0.0
-2.24900127837681 2.749167731980675 0.0
-2.225839566644126 2.729866305536772 0.0
-2.2026832082247867 2.7105693401873228 0.0
-2.179629878921985 2.6913582324349874 0.0
-2.156490577098744 2.67207548091562 0.0
-2.1334940981784984 2.652911748482082 0.0
-2.1106269746191733 2.6338558121826443 0.0
-2.0875848716988306 2.614654059749026 0.0
-2.0645242743329915 2.595436895277493 0.0
-2.0414874666646 2.5762395555538333 0.0
-2.018453999791439 2.5570449998261995 0.0
-1.9953932688964584 2.537827724080382 0.0
-1.9723175054839264 2.5185979212366054 0.0
-1.9492897615961944 2.4994081346634953 0.0
-1.9262520713018951 2.480210059418246 0.0
-1.9031857554233043 2.46098812951942 0.0
-1.880136570186765 2.4417804751556376 0.0
-1.857098392453306 2.422581993711088 0.0
-1.834048766474603 2.403373972062169 0.0
-1.8110067289131677 2.3841722740943063 0.0
-1.7879638729827887 2.3649698941523236 0.0
-1.7649153940371471 2.3457628283642893 0.0
-1.7418742139701011 2.3265618449750844 0.0
-1.7188176040787437 2.3073480033989533 0.0
-1.6957860149253987 2.2881550124378323 0.0
-1.67273612752014 2.26894677293345 0.0
-1.6497179689818382 2.2497649741515318 0.0
-1.6266778860643043 2.230564905053587 0.0
-1.6035774837981216 2.211314569831768 0.0
-1.5805374325284782 2.1921145271070652 0.0
-1.5575001983011632 2.172916831917636 0.0
-1.5344586215932166 2.153715517994347 0.0
-1.5114042587871772 2.134503548989315 0.0
-1.4883350727169318 2.1152792272641103 0.0
-1.4652778611087875 2.0960648842573235 0.0
-1.4422461478334152 2.07687178986118 0.0
-1.4126476473831047 2.0720826568195125 0.0
-1.3827764555200663 2.0660811849250442 0.0
-1.353928162218887 2.057765519621036 0.0
-1.3257819188096909 2.0481019455657044 0.0
-1.2978859621134038 2.03702920537222 0.0
-1.2705872376826908 2.0245960074579 0.0
-1.2439116680213262 2.0108271238270574 0.0
-1.2179383521453302 1.9957630788657055 0.0
-1.1927502769681815 1.9794528016511836 0.0
-1.1683810760566735 1.961924468724954 0.0
-1.1449829937652254 1.9432881891641554 0.0
-1.1222839599635126 1.9236862943076676 0.0
-1.09948786556832 1.9040263085160138 0.0
-1.0766096420726998 1.884401904313826 0.0

Drone_4:
-2.976953361612079 2.5307944680100656 0.0
-2.976953361612079 2.5307944680100656 0.0
-2.976953361612079 2.5307944680100656 0.0
-2.976953361612079 2.5307944680100656 0.0
-2.953906723224158 2.5115889360201313 0.0
-2.9293329113980517 2.4911107594983766 0.0
-2.9063012369572467 2.4719176974643724 0.0
-2.883263474074261 2.452719561728551 0.0
-2.8601625084749025 2.4334687570624185 0.0
-2.8371033201115385 2.414252766759615 0.0
-2.8141221281804785 2.3951017734837317 0.0
-2.791108425277318 2.3759236877310985 0.0
-2.7680580077337322 2.356715006444777 0.0
-2.7449807893445404 2.33748399112045 0.0
-2.721995428994463 2.3183295241620523 0.0
-2.69900129215341 2.2991677434611746 0.0
-2.6758393004035947 2.279866083669662 0.0
-2.6526833660003843 2.260569471666987 0.0
-2.6296300954265934 2.241358412855494 0.0
-2.606490406308964 2.222075338590803 0.0
-2.5834939764273206 2.202911647022767 0.0
-2.56062698479995 2.183855820666625 0.0
-2.5375848635733425 2.1646540529777853 0.0
-2.5145242681248896 2.1454368901040746 0.0
-2.4914874769423188 2.1262395641185985 0.0
-2.4684539948636783 2.1070449957197317 0.0
-2.4453932621335137 2.087827718444595 0.0
-2.4223175014905625 2.068597917908802 0.0
-2.399289769971999 2.0494081416433323 0.0
-2.3762520853737827 2.0302100711448188 0.0
-2.3531857419629936 2.0109881183024947 0.0
-2.330136565532256 1.99178047127688 0.0
-2.3070983918204875 1.9725819931837396 0.0
-2.2840487579880238 1.95337396499002 0.0
-2.2610065955562018 1.9341721629635016 0.0
-2.307608186125093 2.036418123418451 0.0
-2.281725876217807 2.018792938727017 0.0
-2.255434545136586 2.0013018953859465 0.0
-2.228618741835467 1.98393324614746 0.0
-2.2012115977236024 1.9667163025007643 0.0
-2.223296142747825 2.080265884060209 0.0
-2.1880992465740916 2.0654504069990867 0.0
-2.150494277405503 2.050659590953929 0.0
-2.1098161569657936 2.035608596096094 0.0
-2.065575677334259 2.0199135894710842 0.0
-2.0169156559080683 2.0027584752586143 0.0
-1.9631594383950917 1.9829042494011957 0.0
-1.904072875431207 1.9585712676616722 0.0
-1.8404586840062367 1.9276152957560535 0.0
-1.7747911930173101 1.8882703663867768 0.0
-1.7109897190037242 1.8402871291383414 0.0
-1.6533667268842307 1.808097433061088 0.0
-1.6027630513387676 1.7757490684869375 0.0
-1.55854861709189 1.7426316712621428 0.0
-1.5192606105473334 1.7103374944109453 0.0
-1.4832117246934535 1.6783941489416727 0.0
-1.4500621805089347 1.6468192267604296 0.0
-1.4192819122883165 1.615402684341163 0.0
-1.3905600793760027 1.5839899655163703 0.0
-1.363697014751524 1.5524588369755274 0.0
-1.4784493672994163 1.5162969181067256 0.0
-1.455002326628483 1.4909685827312482 0.0
-1.4325481688157937 1.4650895638201817 0.0
-1.4102110629420543 1.4398133221727378 0.0
-1.3879347202881118 1.4151856047548657 0.0

