Drone_1:
-2.5601185550992107 2.563242030336983
-2.5601185550992107 2.563242030336983
-2.54450117891035 2.5507481293858945
-2.5288838027214893 2.538254228434806
-2.5132664265326286 2.5257603274837175
-2.497649050343768 2.513266426532629
-2.482031674154907 2.5007725255815405
-2.4664142979660464 2.488278624630452
-2.4507969217771857 2.4757847236793635
-2.435179545588325 2.463290822728275
-2.4195621693994642 2.4507969217771866
-2.4039447932106035 2.438303020826098
-2.388327417021743 2.4258091198750096
-2.372710040832882 2.413315218923921
-2.3570926646440213 2.4008213179728326
-2.3414752884551606 2.388327417021744
-2.3258579122663 2.3758335160706556
-2.310240536077439 2.363339615119567
-2.2946231598885785 2.3508457141684787
-2.2790057836997177 2.33835181321739
-2.263388407510857 2.3258579122663017
-2.2477710313219963 2.313364011315213
-2.2321536551331356 2.3008701103641247
-2.216536278944275 2.288376209413036
-2.200918902755414 2.2758823084619477
-2.1853015265665534 2.2633884075108592
-2.1696841503776927 2.2508945065597707
-2.154066774188832 2.2384006056086823
-2.1384493979999712 2.2259067046575938
-2.1228320218111105 2.2134128037065053
-2.10721464562225 2.200918902755417
-2.091597269433389 2.1884250018043283
-2.0759798932445284 2.17593110085324
-2.0603625170556676 2.1634371999021513
-2.044745140866807 2.150943298951063
-2.029127764677946 2.1384493979999744
-2.0135103884890855 2.125955497048886
-1.997893012300225 2.1134615960977974
-1.9822756361113645 2.100967695146709
-1.966658259922504 2.0884737941956204
-1.9510408837336435 2.075979893244532
-1.935423507544783 2.0634859922934434
-1.9198061313559225 2.050992091342355
-1.904188755167062 2.0384981903912665
-1.8885713789782015 2.026004289440178
-1.872954002789341 2.0135103884890895
-1.8573366266004805 2.001016487538001
-1.84171925041162 1.9885225865869125
-1.8261018742227595 1.976028685635824
-1.810484498033899 1.9635347846847355
-1.7948671218450385 1.951040883733647
-1.779249745656178 1.9385469827825585
-1.7636323694673175 1.92605308183147
-1.748014993278457 1.9135591808803816
-1.7323976170895965 1.901065279929293
-1.716780240900736 1.8885713789782046
-1.7011628647118755 1.876077478027116
-1.685545488523015 1.8635835770760276
-1.6699281123341545 1.8510896761249391
-1.654310736145294 1.8385957751738506
-1.6386933599564335 1.8261018742227622
-1.623075983767573 1.8136079732716737
-1.6074586075787125 1.8011140723205852
-1.591841231389852 1.7886201713694967
-1.5762238552009915 1.7761262704184082
-1.560606479012131 1.7636323694673197
-1.5449891028232705 1.7511384685162312
-1.52937172663441 1.7386445675651427
-1.5137543504455495 1.7261506666140543
-1.498136974256689 1.7136567656629658
-1.4825195980678285 1.7011628647118773
-1.466902221878968 1.6886689637607888
-1.4512848456901075 1.6761750628097003
-1.435667469501247 1.6636811618586118
-1.4200500933123865 1.6511872609075233
-1.404432717123526 1.6386933599564348
-1.3888153409346655 1.6261994590053463
-1.373197964745805 1.6137055580542579
-1.3575805885569445 1.6012116571031694
-1.341963212368084 1.5887177561520809
-1.3263458361792235 1.5762238552009924
-1.310728459990363 1.563729954249904
-1.2951110838015025 1.5512360532988154
-1.2794937076126418 1.538742152347727
-1.2638763314237813 1.5262482513966384
-1.2482589552349208 1.51375435044555
-1.2326415790460603 1.5012604494944615
-1.2170242028571998 1.488766548543373
-1.201406826668339 1.4762726475922845
-1.1857894504794784 1.463778746641196
-1.1701720742906176 1.4512848456901075
-1.1545546981017571 1.438790944739019
-1.1389373219128966 1.4262970437879305
-1.1233199457240362 1.413803142836842
-1.1077025695351757 1.4013092418857536
-1.092085193346315 1.388815340934665
-1.0764678171574542 1.3763214399835766
-1.0608504409685937 1.363827539032488
-1.0452330647797332 1.3513336380813996
-1.0296156885908725 1.3388397371303111
-1.013998312402012 1.3263458361792226
-0.9983809362131514 1.3138519352281341
-0.9827635600242908 1.3013580342770457
-0.9671461838354302 1.2888641333259572
-0.9515288076465696 1.2763702323748687
-0.9359114314577089 1.2638763314237802
-0.9202940552688483 1.2513824304726917
-0.9046766790799877 1.2388885295216032
-0.8890593028911271 1.2263946285705147
-0.8734419267022665 1.2139007276194262
-0.8578245505134059 1.2014068266683378
-0.8422071743245453 1.1889129257172493
-0.8265897981356847 1.1764190247661608
-0.8109724219468241 1.1639251238150723
-0.7953550457579635 1.1514312228639838
-0.7797376695691028 1.1389373219128953
-0.7641202933802422 1.1264434209618068
-0.7485029171913816 1.1139495200107183
-0.732885541002521 1.1014556190596299
-0.7172681648136604 1.0889617181085414
-0.7016507886247998 1.0764678171574529
-0.6860334124359392 1.0639739162063644
-0.6704160362470786 1.051480015255276
-0.654798660058218 1.0389861143041874
-0.6391812838693574 1.026492213353099
-0.6235639076804967 1.0139983124020104
-0.6079465314916361 1.001504411450922
-0.5923291553027755 0.9890105104998335
-0.5767117791139149 0.976516609548745
-0.5610944029250543 0.9640227085976565
-0.5454770267361937 0.951528807646568
-0.5298596505473331 0.9390349066954795
-0.5142422743584725 0.926541005744391
-0.49862489816961186 0.9140471047933025
-0.48300752198075125 0.901553203842214
-0.46739014579189064 0.8890593028911256
-0.45177276960303003 0.8765654019400371
-0.4361553934141694 0.8640715009889486
-0.4205380172253088 0.8515776000378601
-0.4049206410364482 0.8390836990867716
-0.3893032648475876 0.8265897981356831
-0.373685888658727 0.8140958971845946
-0.3580685124698664 0.8016019962335061
-0.34245113628100576 0.7891080952824177
-0.32683376009214515 0.7766141943313292
-0.31121638390328454 0.7641202933802407
-0.29559900771442393 0.7516263924291522
-0.2799816315255633 0.7391324914780637
-0.2643642553367027 0.7266385905269752
-0.2487468791478421 0.7141446895758867
-0.2331295029589815 0.7016507886247982
-0.21751212677012088 0.6891568876737098
-0.20189475058126027 0.6766629867226213
-0.18627737439239966 0.6641690857715328
-0.17065999820353905 0.6516751848204443
-0.15504262201467844 0.6391812838693558
-0.13942524582581783 0.6266873829182673
-0.12380786963695722 0.6141934819671788
-0.10819049344809661 0.6016995810160903
-0.092573117259236 0.5892056800650018
-0.0769557410703754 0.5767117791139134
-0.061338364881514784 0.5642178781628249
-0.045720988692654174 0.5517239772117364
-0.030103612503793564 0.5392300762606479
-0.014486236314932954 0.5267361753095594
0.0011311398739276557 0.5142422743584709
0.016748516062788266 0.5017483734073824
0.032365892251648876 0.48925447245629394
0.047983268440509486 0.47676057150520545
0.0636006446293701 0.46426667055411697
0.0792180208182307 0.4517727696030285
0.09483539700709132 0.43927886865194
0.11045277319595193 0.4267849677008515
0.12607014938481254 0.414291066749763
0.14168752557367315 0.4017971657986745
0.15730490176253376 0.38930326484758604
0.17292227795139437 0.37680936389649755
0.18853965414025498 0.36431546294540906
0.20415703032911559 0.3518215619943206
0.2197744065179762 0.3393276610432321
0.2353917827068368 0.3268337600921436
0.2510091588956974 0.3143398591410551
0.266626535084558 0.3018459581899666
0.28224391127341864 0.28935205723887814
0.29786128746227925 0.27685815628778965
0.31347866365113985 0.26436425533670116
0.32909603984000046 0.25187035438561267
0.3447134160288611 0.23937645343452418
0.3603307922177217 0.2268825524834357
0.3759481684065823 0.2143886515323472
0.3915655445954429 0.20189475058125872
0.4071829207843035 0.18940084963017023
0.4228002969731641 0.17690694867908174
0.43841767316202473 0.16441304772799326
0.45403504935088534 0.15191914677690477
0.46965242553974595 0.13942524582581628
0.48526980172860656 0.1269313448747278
0.5008871779174672 0.11443744392363932
0.5165045541063278 0.10194354297255084
0.5321219302951884 0.08944964202146237
0.547739306484049 0.0769557410703739
0.5633566826729096 0.06446184011928542
0.5789740588617702 0.05196793916819694
0.5945914350506308 0.03947403821710846
0.6102088112394914 0.026980137266019978
0.625826187428352 0.014486236314931499
0.6414435636172127 0.0019923353638430213
0.6570609398060733 -0.010501565587245458
0.6726783159949339 -0.02299546653833394
0.6882956921837945 -0.03548936748942242
0.7039130683726551 -0.0479832684405109
0.7195304445615157 -0.06047716939159938
0.7351478207503763 -0.07297107034268786
0.7507651969392369 -0.08546497129377634
0.7663825731280975 -0.09795887224486481
0.7819999493169582 -0.11045277319595329
0.7976173255058188 -0.12294667414704177
0.8132347016946794 -0.13544057509813026
0.82885207788354 -0.14793447604921875
0.8444694540724006 -0.16042837700030724
0.8600868302612612 -0.17292227795139573
0.8757042064501218 -0.1854161789024842
0.8913215826389824 -0.1979100798535727
0.906938958827843 -0.2104039808046612
0.9225563350167036 -0.22289788175574968
0.9381737112055643 -0.23539178270683817
0.9537910873944249 -0.24788568365792665
0.9694084635832855 -0.2603795846090151
0.9850258397721461 -0.2728734855601036
1.0006432159610068 -0.2853673865111921
1.0162605921498675 -0.2978612874622806
1.031877968338728 -0.31035518841336907
1.0474953445275887 -0.32284908936445755
1.0631127207164495 -0.33534299031554604
1.0787300969053102 -0.34783689126663453
1.094347473094171 -0.360330792217723
1.1099648492830316 -0.3728246931688115
1.1255822254718921 -0.3853185941199
1.1411996016607526 -0.3978124950709885
1.1568169778496133 -0.41030639602207697
1.172434354038474 -0.42280029697316546
1.1880517302273348 -0.43529419792425394
1.2036691064161955 -0.44778809887534243
1.2192864826050562 -0.4602819998264309
1.2349038587939167 -0.4727759007775194
1.2505212349827772 -0.4852698017286079
1.2661386111716377 -0.4977637026796964
1.2817559873604982 -0.5102576036307849
1.297373363549359 -0.5227515045818734
1.3129907397382194 -0.5352454055329618
1.32860811592708 -0.5477393064840503
1.3442254921159407 -0.5602332074351388
1.3598428683048014 -0.5727271083862273
1.375460244493662 -0.5852210093373158
1.3910776206825228 -0.5977149102884043
1.4066949968713833 -0.6102088112394928
1.4223123730602438 -0.6227027121905813
1.4379297492491045 -0.6351966131416698
1.453547125437965 -0.6476905140927582
1.4691645016268255 -0.6601844150438467
1.4847818778156863 -0.6726783159949352
1.500399254004547 -0.6851722169460237
1.5160166301934077 -0.6976661178971122
1.5316340063822682 -0.7101600188482007
1.5472513825711287 -0.7226539197992892
1.5628687587599894 -0.7351478207503777
1.5784861349488502 -0.7476417217014661
1.5941035111377106 -0.7601356226525546
1.6097208873265711 -0.7726295236036431
1.6253382635154319 -0.7851234245547316
1.6409556397042926 -0.7976173255058201
1.6565730158931533 -0.8101112264569086
1.6721903920820138 -0.8226051274079971
1.6878077682708743 -0.8350990283590856
1.703425144459735 -0.847592929310174
1.7190425206485958 -0.8600868302612625
1.7346598968374562 -0.872580731212351
1.7502772730263167 -0.8850746321634395
1.7658946492151775 -0.897568533114528
1.7815120254040382 -0.9100624340656165
1.797129401592899 -0.922556335016705
1.8127467777817594 -0.9350502359677935
1.82836415397062 -0.947544136918882
1.8439815301594806 -0.9600380378699704
1.8595989063483411 -0.9725319388210589
1.8752162825372016 -0.9850258397721474
1.8908336587260623 -0.9975197407232359
1.906451034914923 -1.0100136416743244
1.9220684111037838 -1.0225075426254129
1.9376857872926443 -1.0350014435765014
1.953303163481505 -1.0474953445275899
1.9689205396703655 -1.0599892454786783
1.9845379158592262 -1.0724831464297668
2.000155292048087 -1.0849770473808553
2.0157726682369477 -1.0974709483319438
2.0313900444258084 -1.1099648492830323
2.047007420614669 -1.1224587502341208
2.06262479680353 -1.1349526511852093
2.0782421729923906 -1.1474465521362978
2.0938595491812513 -1.1599404530873862
2.109476925370112 -1.1724343540384747
2.1250943015589727 -1.1849282549895632
2.1407116777478334 -1.1974221559406517
2.156329053936694 -1.2099160568917402
2.171946430125555 -1.2224099578428287
2.1875638063144156 -1.2349038587939172
2.2031811825032763 -1.2473977597450057
2.218798558692137 -1.2598916606960942
2.2344159348809978 -1.2723855616471826
2.2500333110698585 -1.2848794625982711
2.265650687258719 -1.2973733635493596
2.28126806344758 -1.309867264500448
2.28126806344758 -1.309867264500448
2.28126806344758 -1.309867264500448
2.28126806344758 -1.309867264500448
2.28126806344758 -1.309867264500448
2.28126806344758 -1.309867264500448
2.28126806344758 -1.309867264500448
2.28126806344758 -1.309867264500448
2.28126806344758 -1.309867264500448
2.28126806344758 -1.309867264500448
2.28126806344758 -1.309867264500448
2.28126806344758 -1.309867264500448
2.28126806344758 -1.309867264500448
2.28126806344758 -1.309867264500448
2.28126806344758 -1.309867264500448
2.28126806344758 -1.309867264500448
2.28126806344758 -1.309867264500448
2.28126806344758 -1.309867264500448
2.28126806344758 -1.309867264500448
2.28126806344758 -1.309867264500448
2.28126806344758 -1.309867264500448
2.28126806344758 -1.309867264500448
2.28126806344758 -1.309867264500448
2.28126806344758 -1.309867264500448
2.28126806344758 -1.309867264500448
2.28126806344758 -1.309867264500448
2.28126806344758 -1.309867264500448
2.28126806344758 -1.309867264500448
2.28126806344758 -1.309867264500448
2.28126806344758 -1.309867264500448
2.28126806344758 -1.309867264500448
2.28126806344758 -1.309867264500448
2.28126806344758 -1.309867264500448
2.28126806344758 -1.309867264500448
2.28126806344758 -1.309867264500448
2.28126806344758 -1.309867264500448
2.28126806344758 -1.309867264500448
2.28126806344758 -1.309867264500448
2.28126806344758 -1.309867264500448
2.28126806344758 -1.309867264500448
2.28126806344758 -1.309867264500448
2.28126806344758 -1.309867264500448
2.28126806344758 -1.309867264500448
2.28126806344758 -1.309867264500448
2.28126806344758 -1.309867264500448
2.28126806344758 -1.309867264500448
2.28126806344758 -1.309867264500448
2.28126806344758 -1.309867264500448
2.28126806344758 -1.309867264500448
2.28126806344758 -1.309867264500448
2.28126806344758 -1.309867264500448
2.28126806344758 -1.309867264500448
2.28126806344758 -1.309867264500448
2.28126806344758 -1.309867264500448
2.28126806344758 -1.309867264500448
2.28126806344758 -1.309867264500448
2.28126806344758 -1.309867264500448
2.28126806344758 -1.309867264500448
2.28126806344758 -1.309867264500448
2.28126806344758 -1.309867264500448
2.28126806344758 -1.309867264500448
2.28126806344758 -1.309867264500448
2.28126806344758 -1.309867264500448
2.28126806344758 -1.309867264500448
2.28126806344758 -1.309867264500448
2.28126806344758 -1.309867264500448
2.28126806344758 -1.309867264500448
2.28126806344758 -1.309867264500448
2.28126806344758 -1.309867264500448
2.28126806344758 -1.309867264500448
2.28126806344758 -1.309867264500448
2.28126806344758 -1.309867264500448
2.28126806344758 -1.309867264500448
2.28126806344758 -1.309867264500448
2.28126806344758 -1.309867264500448
2.28126806344758 -1.309867264500448
2.28126806344758 -1.309867264500448
2.28126806344758 -1.309867264500448
2.28126806344758 -1.309867264500448
2.28126806344758 -1.309867264500448
2.28126806344758 -1.309867264500448
2.28126806344758 -1.309867264500448
2.28126806344758 -1.309867264500448
2.28126806344758 -1.309867264500448
2.28126806344758 -1.309867264500448
2.28126806344758 -1.309867264500448
2.28126806344758 -1.309867264500448
2.28126806344758 -1.309867264500448
2.28126806344758 -1.309867264500448
2.28126806344758 -1.309867264500448
2.28126806344758 -1.309867264500448
2.28126806344758 -1.309867264500448
2.28126806344758 -1.309867264500448
2.28126806344758 -1.309867264500448
2.28126806344758 -1.309867264500448
2.28126806344758 -1.309867264500448
2.28126806344758 -1.309867264500448
2.28126806344758 -1.309867264500448
2.28126806344758 -1.309867264500448
2.28126806344758 -1.309867264500448
2.28126806344758 -1.309867264500448
2.28126806344758 -1.309867264500448
2.28126806344758 -1.309867264500448
2.28126806344758 -1.309867264500448
2.28126806344758 -1.309867264500448
2.28126806344758 -1.309867264500448
2.28126806344758 -1.309867264500448
2.28126806344758 -1.309867264500448
2.28126806344758 -1.309867264500448
2.28126806344758 -1.309867264500448
2.28126806344758 -1.309867264500448
2.28126806344758 -1.309867264500448
2.28126806344758 -1.309867264500448
2.28126806344758 -1.309867264500448
2.28126806344758 -1.309867264500448
2.28126806344758 -1.309867264500448
2.28126806344758 -1.309867264500448
2.28126806344758 -1.309867264500448
2.28126806344758 -1.309867264500448
2.28126806344758 -1.309867264500448
2.28126806344758 -1.309867264500448
2.28126806344758 -1.309867264500448
2.28126806344758 -1.309867264500448
2.28126806344758 -1.309867264500448
2.28126806344758 -1.309867264500448

Drone_2:
-3.408646692523068 2.563242030336983
-3.408646692523068 2.563242030336983
-3.393029316334207 2.5507481293858945
-3.3774119401453464 2.538254228434806
-3.3617945639564857 2.5257603274837175
-3.346177187767625 2.513266426532629
-3.3305598115787642 2.5007725255815405
-3.3149424353899035 2.488278624630452
-3.299325059201043 2.4757847236793635
-3.283707683012182 2.463290822728275
-3.2680903068233214 2.4507969217771866
-3.2524729306344606 2.438303020826098
-3.2368555544456 2.4258091198750096
-3.221238178256739 2.413315218923921
-3.2056208020678785 2.4008213179728326
-3.1900034258790178 2.388327417021744
-3.174386049690157 2.3758335160706556
-3.1587686735012963 2.363339615119567
-3.1431512973124356 2.3508457141684787
-3.127533921123575 2.33835181321739
-3.111916544934714 2.3258579122663017
-3.0962991687458534 2.313364011315213
-3.0806817925569927 2.3008701103641247
-3.065064416368132 2.288376209413036
-3.0494470401792713 2.2758823084619477
-3.0338296639904105 2.2633884075108592
-3.01821228780155 2.2508945065597707
-3.002594911612689 2.2384006056086823
-2.9869775354238284 2.2259067046575938
-2.9713601592349677 2.2134128037065053
-2.955742783046107 2.200918902755417
-2.940125406857246 2.1884250018043283
-2.9245080306683855 2.17593110085324
-2.9088906544795248 2.1634371999021513
-2.893273278290664 2.150943298951063
-2.8776559021018033 2.1384493979999744
-2.8620385259129426 2.125955497048886
-2.846421149724082 2.1134615960977974
-2.830803773535221 2.100967695146709
-2.8151863973463604 2.0884737941956204
-2.7995690211574997 2.075979893244532
-2.783951644968639 2.0634859922934434
-2.8038004534681935 2.0659405393286447
-2.7881597177060993 2.0534758939337547
-2.808145967897225 2.054217381153953
-2.7924788153329514 2.0417859560334057
-2.8122887422234935 2.0390351749458993
-2.796589467489644 2.026644340719298
-2.809948725338236 2.0117604491000063
-2.7942051603150153 1.9994259381506565
-2.813641566856617 1.9947114815807447
-2.7978632632418083 1.9824214394718291
-2.801114012635425 1.9626873920314305
-2.7852967792918406 1.9504474929569038
-2.8043813692804402 1.9444659860425009
-2.788527855893615 1.9322731146295096
-2.803400622289141 1.9189014722567828
-2.7875036860691176 1.9067652694397352
-2.771606749849094 1.8946290666226877
-2.7886011190883546 1.8840843326687333
-2.772662849442334 1.8720024635794434
-2.756724579796314 1.8599205944901536
-2.7716665444531454 1.8466263215805883
-2.755684805862144 1.8346020115542752
-2.739703067271143 1.822577701527962
-2.739307332124573 1.8025816170689044
-2.723290534459785 1.7906040466739854
-2.707273736794997 1.7786264762790664
-2.691256939130209 1.7666489058841475
-2.6752401414654208 1.7546713354892285
-2.6592233438006327 1.7426937650943095
-2.6432065461358447 1.7307161946993905
-2.6271897484710567 1.7187386243044716
-2.6111729508062687 1.7067610539095526
-2.5951561531414806 1.6947834835146336
-2.5791393554766926 1.6828059131197146
-2.5631225578119046 1.6708283427247956
-2.5471057601471165 1.6588507723298767
-2.5310889624823285 1.6468732019349577
-2.5150721648175405 1.6348956315400387
-2.4990553671527524 1.6229180611451197
-2.4830385694879644 1.6109404907502007
-2.4670217718231764 1.5989629203552818
-2.4510049741583884 1.5869853499603628
-2.4349881764936003 1.5750077795654438
-2.4189713788288123 1.5630302091705248
-2.4029545811640243 1.5510526387756058
-2.3869377834992362 1.5390750683806869
-2.370920985834448 1.5270974979857679
-2.35490418816966 1.515119927590849
-2.338887390504872 1.50314235719593
-2.322870592840084 1.491164786801011
-2.306853795175296 1.479187216406092
-2.290836997510508 1.467209646011173
-2.27482019984572 1.455232075616254
-2.258803402180932 1.443254505221335
-2.242786604516144 1.431276934826416
-2.226769806851356 1.419299364431497
-2.210753009186568 1.407321794036578
-2.19473621152178 1.395344223641659
-2.178719413856992 1.3833666532467401
-2.162702616192204 1.3713890828518212
-2.146685818527416 1.3594115124569022
-2.1306690208626278 1.3474339420619832
-2.1146522231978397 1.3354563716670642
-2.0986354255330517 1.3234788012721452
-2.0826186278682637 1.3115012308772263
-2.0666018302034757 1.2995236604823073
-2.0505850325386876 1.2875460900873883
-2.0345682348738996 1.2755685196924693
-2.0185514372091116 1.2635909492975503
-2.0025346395443235 1.2516133789026314
-1.9865178418795355 1.2396358085077124
-1.9705010442147475 1.2276582381127934
-1.9544842465499594 1.2156806677178744
-1.9384674488851714 1.2037030973229554
-1.9224506512203834 1.1917255269280365
-1.9064338535555954 1.1797479565331175
-1.8904170558908073 1.1677703861381985
-1.8744002582260193 1.1557928157432795
-1.8583834605612313 1.1438152453483605
-1.8423666628964432 1.1318376749534416
-1.8263498652316552 1.1198601045585226
-1.8103330675668672 1.1078825341636036
-1.7943162699020792 1.0959049637686846
-1.7782994722372911 1.0839273933737656
-1.762282674572503 1.0719498229788467
-1.746265876907715 1.0599722525839277
-1.730249079242927 1.0479946821890087
-1.714232281578139 1.0360171117940897
-1.698215483913351 1.0240395413991707
-1.682198686248563 1.0120619710042518
-1.666181888583775 1.0000844006093328
-1.6501650909189869 0.9881068302144138
-1.6341482932541989 0.9761292598194948
-1.6181314955894108 0.9641516894245759
-1.6021146979246228 0.9521741190296569
-1.5860979002598348 0.9401965486347379
-1.5700811025950467 0.9282189782398189
-1.5540643049302587 0.9162414078448999
-1.5380475072654707 0.904263837449981
-1.5220307096006827 0.892286267055062
-1.5060139119358946 0.880308696660143
-1.4899971142711066 0.868331126265224
-1.4739803166063186 0.856353555870305
-1.4579635189415305 0.8443759854753861
-1.4419467212767425 0.8323984150804671
-1.4259299236119545 0.8204208446855481
-1.4099131259471664 0.8084432742906291
-1.3938963282823784 0.7964657038957101
-1.3778795306175904 0.7844881335007912
-1.3618627329528024 0.7725105631058722
-1.3458459352880143 0.7605329927109532
-1.3298291376232263 0.7485554223160342
-1.3138123399584383 0.7365778519211152
-1.2977955422936502 0.7246002815261963
-1.2817787446288622 0.7126227111312773
-1.2657619469640742 0.7006451407363583
-1.284804142284907 0.7067602693010941
-1.2687655228492043 0.6948119352499931
-1.2879854755243423 0.7003430670659472
-1.2719232750379246 0.6884264519620629
-1.2913230690904602 0.6932893719407592
-1.2752353172025173 0.6814072745168197
-1.2948142732180878 0.6854894897659646
-1.278698720989717 0.6736451250141239
-1.298450625235339 0.6767855515252496
-1.2823046294607636 0.6649827204899683
-1.3022098258011947 0.6669277548467064
-1.286030132467283 0.655171159947648
-1.3060279450105656 0.6554669529220883
-1.2898102401429787 0.6437628489910798
-1.3096765001705852 0.6414537988583365
-1.2934143928096988 0.6298114681559812
-1.3121010963336721 0.622683557423717
-1.2957843290295565 0.6111179573639126
-1.3111717822012134 0.5983419531024048
-1.294791864901262 0.586865964724633
-1.3113432953065032 0.5756387588593942
-1.2949025320223344 0.5642501108872279
-1.3007714387684999 0.5451305938011503
-1.2842686578999105 0.5338319999238874
-1.3014683997769967 0.5236256842633953
-1.28490686165937 0.5124133939006551
-1.2801607926159557 0.4929846824499401
-1.263864977519037 0.4813895795902398
-1.279622876435072 0.4690733861136816
-1.2629543456624495 0.45802078090576204
-1.252000122461257 0.4412874311497074
-1.247821877808007 0.42172874326893206
-1.2310819978359466 0.41078450192834526
-1.220912579776857 0.39356291848374114
-1.204143722396747 0.3826631284781707
-1.1962783470637912 0.3642746573380315
-1.1794728074373337 0.35343151029192127
-1.1626672678108763 0.34258836324581105
-1.1458617281844188 0.3317452161997008
-1.1290561885579613 0.3209020691535906
-1.1122506489315038 0.3100589221074804
-1.0954451093050463 0.29921577506137015
-1.0786395696785889 0.2883726280152599
-1.0618340300521314 0.2775294809691497
-1.045028490425674 0.2666863339230395
-1.0282229507992164 0.25584318687692925
-1.011417411172759 0.24500003983081906
-0.9946118715463015 0.23415689278470886
-0.977806331919844 0.22331374573859866
-0.9610007922933865 0.21247059869248847
-0.944195252666929 0.20162745164637827
-0.9273897130404716 0.19078430460026807
-0.9105841734140141 0.17994115755415788
-0.8937786337875566 0.16909801050804768
-0.8769730941610991 0.15825486346193748
-0.8601675545346417 0.1474117164158273
-0.8433620149081842 0.13656856936971706
-0.8265564752817267 0.12572542232360684
-0.8097509356552692 0.11488227527749663
-0.7929453960288118 0.10403912823138642
-0.7761398564023543 0.09319598118527621
-0.7593343167758968 0.082352834139166
-0.7425287771494393 0.07150968709305579
-0.7257232375229818 0.06066654004694558
-0.7089176978965244 0.04982339300083537
-0.6921121582700669 0.03898024595472516
-0.6753066186436094 0.028137098908614946
-0.6585010790171519 0.017293951862504733
-0.6416955393906945 0.006450804816394522
-0.624889999764237 -0.004392342229715691
-0.6080844601377795 -0.015235489275825902
-0.591278920511322 -0.026078636321936115
-0.5744733808848645 -0.03692178336804633
-0.5576678412584071 -0.04776493041415654
-0.5408623016319496 -0.05860807746026675
-0.5240567620054921 -0.06945122450637696
-0.5072512223790346 -0.08029437155248717
-0.4904456827525772 -0.09113751859859738
-0.4736401431261198 -0.10198066564470759
-0.4568346034996624 -0.1128238126908178
-0.44002906387320495 -0.12366695973692801
-0.42322352424674753 -0.13451010678303824
-0.4064179846202901 -0.14535325382914843
-0.3896124449938327 -0.15619640087525866
-0.37280690536737526 -0.16703954792136888
-0.35600136574091784 -0.1778826949674791
-0.3391958261144604 -0.18872584201358933
-0.322390286488003 -0.19956898905969955
-0.3055847468615456 -0.21041213610580978
-0.28877920723508815 -0.22125528315192
-0.27197366760863073 -0.23209843019803023
-0.2551681279821733 -0.24294157724414045
-0.238382637271979 -0.25381573475716096
-0.2554899678156834 -0.2434552694361226
-0.23870275256757678 -0.2543267644673378
-0.2558371094567168 -0.24401105731777306
-0.23904793978483385 -0.25487953383146744
-0.2562113790354493 -0.24461228721465572
-0.23941998414803714 -0.25547732553649277
-0.2566146979788506 -0.2452625413353248
-0.23982075764031138 -0.2561236447739992
-0.25704907926717047 -0.24596564625453188
-0.24025221349330872 -0.2568222249133393
-0.2575166211149601 -0.24672567949059862
-0.24071637780691227 -0.25757703077928124
-0.25801949751568776 -0.24754697353399166
-0.24121533772618164 -0.25839225885844236
-0.2585599450342691 -0.2484341165955381
-0.2417512255671534 -0.25927233369411135
-0.2591402451959206 -0.24939194927090452
-0.24232619827645718 -0.26022189969507925
-0.259762701815613 -0.2504255562788343
-0.24294241164720456 -0.26124580759987776
-0.26042961265632486 -0.2515402524448842
-0.24360198881302803 -0.26234909492632075
-0.26114323491518365 -0.2527415621949891
-0.24430698272225224 -0.26353695992254006
-0.26190574423421925 -0.25403519202151714
-0.2450593325717027 -0.26481472884352514
-0.26271918723421844 -0.2554269957146585
-0.24586081456459608 -0.26618781682329745
-0.26358542798595147 -0.25692293263279037
-0.2467129878463002 -0.2676616831994943
-0.26450608935852327 -0.25852901992004923
-0.24761713704236388 -0.26924178285322825
-0.26548249079376735 -0.2602512803457366
-0.24857743170321683 -0.270938608222479
-0.26651904006817595 -0.26210126194215094
-0.24960359894230535 -0.272772149980042
-0.267626088462166 -0.26410094063494416
-0.2506994768561144 -0.27475410070779943
-0.26880763692795745 -0.26626325040806453
-0.2518690061241636 -0.2768972894569286
-0.2700677701620097 -0.2686024122731001
-0.2531162062925696 -0.27921582277021606
-0.27141062573143565 -0.27113410158009577
-0.25444514439807164 -0.28172525086274103
-0.2728403536569458 -0.2738756472853474
-0.2558598939590934 -0.2844427655514411
-0.27436106388030074 -0.27684627217971924
-0.25736448173455956 -0.28738743887810103
-0.2759767581512644 -0.28006738651570806
-0.25896281874715776 -0.29058051478246993
-0.27769124153815794 -0.28356295254465924
-0.26065861072048135 -0.294045771222321
-0.27950800671477233 -0.2873599451215009
-0.2624552410035035 -0.29780997773372625
-0.28143008090012694 -0.2914889453103394
-0.2643556157417624 -0.30190348512522297
-0.28345981989530583 -0.2959849224906187
-0.2663619555632547 -0.30636100244803877
-0.28559862429249183 -0.3008882904876309
-0.26847550858342695 -0.3112226462205237
-0.2878465360832868 -0.30624637315730924
-0.27069614253113994 -0.3165353964834796
-0.29020164221206257 -0.31211550030850815
-0.273021741857463 -0.3223551792002522
-0.29265914909294066 -0.31856410586041717
-0.27544727271849806 -0.32874994464133767
-0.2952098620017063 -0.32567747579312734
-0.27796324783991855 -0.33580438548732444
-0.2978375163815706 -0.33356531203290196
-0.2805530350261451 -0.3436274541643742
-0.30051373485440785 -0.3423742732652257
-0.28318777745311996 -0.3523648288117785
-0.30318770100905346 -0.35230953182437696
-0.2858160075322622 -0.3622203474188883
-0.3057632241250665 -0.363672432195943
-0.2883406168255626 -0.3734934685408138
-0.308044510270543 -0.3769222559516719
-0.2905645057601023 -0.38664076624466287
-0.3096125205003739 -0.3927377437298104
-0.29206696439200364 -0.4023374031429371
-0.3096694167438817 -0.41183233185250945
-0.2920491356476567 -0.4212941336941259
-0.307534723941819 -0.433951011475937
-0.289832943743681 -0.44325944731751693
-0.3034407363208609 -0.4579164586491783
-0.2856546488279196 -0.46706277439342403
-0.29666201738000103 -0.4837612125706503
-0.27878993600932034 -0.49273833390656685
-0.2868211934176095 -0.5110549630844969
-0.2688635064842229 -0.5198595914129659
-0.27312131366412273 -0.5394011133091436
-0.25508101077468504 -0.5480352010813027
-0.25552891304515846 -0.5680301850411889
-0.2374114865738048 -0.57650124507256
-0.2328791087444074 -0.5959809152754044
-0.21469527918052977 -0.60430848048931
-0.20706841366304582 -0.6227971505977362
-0.1888269406290466 -0.6309976787240144
-0.17415319012549593 -0.6445874191983408
-0.15588451535771322 -0.6527271687171515
-0.14483564311745425 -0.6693981741522905
-0.12652077663967654 -0.6774334504948424
-0.10820591016189882 -0.6854687268373942
-0.08989104368412111 -0.6935040031799461
-0.0715761772063434 -0.701539279522498
-0.0532613107285657 -0.7095745558650498
-0.034946444250787995 -0.7176098322076017
-0.016631577773010282 -0.7256451085501535
0.0016832887047674265 -0.7336803848927054
0.019998155182545135 -0.7417156612352572
0.03831302166032284 -0.7497509375778091
0.056627888138100546 -0.7577862139203609
0.07494275461587825 -0.7658214902629128
0.09325762109365596 -0.7738567666054647
0.11157248757143366 -0.7818920429480165
0.12988735404921137 -0.7899273192905684
0.1482022205269891 -0.7979625956331202
0.1665170870047668 -0.8059978719756721
0.18483195348254453 -0.8140331483182239
0.20314681996032224 -0.8220684246607758
0.22146168643809996 -0.8301037010033276
0.23977655291587768 -0.8381389773458796
0.2580914193936554 -0.8461742536884316
0.27640628587143307 -0.8542095300309834
0.29472115234921076 -0.8622448063735353
0.31303601882698845 -0.8702800827160873
0.33135088530476614 -0.8783153590586391
0.34966575178254383 -0.886350635401191
0.3679806182603215 -0.8943859117437429
0.3862954847380992 -0.9024211880862949
0.4046103512158769 -0.9104564644288468
0.4229252176936546 -0.9184917407713986
0.4412400841714323 -0.9265270171139506
0.45955495064921 -0.9345622934565025
0.4778698171269877 -0.9425975697990544
0.49618468360476536 -0.9506328461416063
0.5144995500825431 -0.9586681224841582
0.5328144165603208 -0.9667033988267102
0.5511292830380985 -0.974738675169262
0.5694441495158762 -0.9827739515118139
0.5877590159936539 -0.9908092278543659
0.6060738824714316 -0.9988445041969177
0.6243887489492093 -1.0068797805394696
0.642703615426987 -1.0149150568820215
0.6610184819047646 -1.0229503332245735
0.6793333483825423 -1.0309856095671255
0.69764821486032 -1.0390208859096774
0.7159630813380977 -1.0470561622522294
0.7342779478158754 -1.0550914385947814
0.7525928142936531 -1.0631267149373334
0.7709076807714308 -1.0711619912798853
0.7892225472492085 -1.0791972676224373
0.8075374137269862 -1.0872325439649893
0.8258522802047639 -1.0952678203075412
0.8441671466825416 -1.1033030966500932
0.8624820131603192 -1.1113383729926452
0.8807968796380969 -1.1193736493351971
0.8991117461158746 -1.127408925677749
0.9174266125936523 -1.135444202020301
0.93574147907143 -1.143479478362853
0.9540563455492077 -1.151514754705405
0.9723712120269854 -1.159550031047957
0.9906860785047631 -1.167585307390509
1.0090009449825408 -1.1756205837330609
1.0273158114603185 -1.1836558600756129
1.0456306779380962 -1.1916911364181648
1.0639455444158739 -1.1997264127607168
1.0822604108936515 -1.2077616891032688
1.1005752773714292 -1.2157969654458207
1.118890143849207 -1.2238322417883727
1.1372050103269846 -1.2318675181309247
1.1555198768047623 -1.2399027944734764
1.17383474328254 -1.2479380708160281
1.1921496097603177 -1.2559733471585801
1.2104644762380954 -1.2640086235011319
1.228779342715873 -1.2720438998436838
1.2470942091936508 -1.2800791761862356
1.2654090756714285 -1.2881144525287873
1.2837239421492062 -1.2961497288713393
1.3020388086269838 -1.304185005213891
1.3203536751047615 -1.312220281556443
1.3386685415825392 -1.3202555578989947
1.356983408060317 -1.3282908342415467
1.3752982745380946 -1.3363261105840984
1.3936131410158723 -1.3443613869266502

Drone_3:
-3.408646692523068 3.41177016776084
-3.408646692523068 3.41177016776084
-3.393029316334207 3.3992762668097516
-3.3774119401453464 3.386782365858663
-3.3617945639564857 3.3742884649075746
-3.346177187767625 3.361794563956486
-3.3305598115787642 3.3493006630053976
-3.3149424353899035 3.336806762054309
-3.299325059201043 3.3243128611032207
-3.283707683012182 3.311818960152132
-3.2680903068233214 3.2993250592010437
-3.2524729306344606 3.286831158249955
-3.2368555544456 3.2743372572988667
-3.221238178256739 3.2618433563477782
-3.2056208020678785 3.2493494553966897
-3.1900034258790178 3.2368555544456012
-3.174386049690157 3.2243616534945128
-3.1587686735012963 3.2118677525434243
-3.1431512973124356 3.199373851592336
-3.127533921123575 3.1868799506412473
-3.111916544934714 3.174386049690159
-3.0962991687458534 3.1618921487390703
-3.0806817925569927 3.149398247787982
-3.065064416368132 3.1369043468368933
-3.0494470401792713 3.124410445885805
-3.0338296639904105 3.1119165449347164
-3.01821228780155 3.099422643983628
-3.002594911612689 3.0869287430325394
-2.9869775354238284 3.074434842081451
-2.9713601592349677 3.0619409411303624
-2.955742783046107 3.049447040179274
-2.940125406857246 3.0369531392281854
-2.9245080306683855 3.024459238277097
-2.9088906544795248 3.0119653373260085
-2.893273278290664 2.99947143637492
-2.8776559021018033 2.9869775354238315
-2.8620385259129426 2.974483634472743
-2.846421149724082 2.9619897335216545
-2.830803773535221 2.949495832570566
-2.8151863973463604 2.9370019316194775
-2.7995690211574997 2.924508030668389
-2.783951644968639 2.9120141297173006
-2.7683342687797783 2.899520228766212
-2.7527168925909176 2.8870263278151236
-2.737099516402057 2.874532426864035
-2.721482140213196 2.8620385259129466
-2.7058647640243354 2.849544624961858
-2.6902473878354747 2.8370507240107696
-2.674630011646614 2.824556823059681
-2.6590126354577532 2.8120629221085927
-2.6433952592688925 2.799569021157504
-2.627777883080032 2.7870751202064157
-2.612160506891171 2.774581219255327
-2.5965431307023104 2.7620873183042387
-2.5809257545134496 2.74959341735315
-2.565308378324589 2.7370995164020617
-2.549691002135728 2.7246056154509732
-2.5340736259468675 2.7121117144998848
-2.5184562497580067 2.6996178135487963
-2.502838873569146 2.6871239125977078
-2.4872214973802853 2.6746300116466193
-2.4716041211914246 2.662136110695531
-2.455986745002564 2.6496422097444423
-2.440369368813703 2.637148308793354
-2.4247519926248424 2.6246544078422653
-2.4091346164359817 2.612160506891177
-2.393517240247121 2.5996666059400884
-2.3778998640582603 2.587172704989
-2.3622824878693995 2.5746788040379114
-2.346665111680539 2.562184903086823
-2.331047735491678 2.5496910021357344
-2.3154303593028174 2.537197101184646
-2.2998129831139567 2.5247032002335574
-2.284195606925096 2.512209299282469
-2.268578230736235 2.4997153983313805
-2.2529608545473745 2.487221497380292
-2.2373434783585138 2.4747275964292035
-2.221726102169653 2.462233695478115
-2.2061087259807923 2.4497397945270265
-2.1904913497919316 2.437245893575938
-2.174873973603071 2.4247519926248495
-2.15925659741421 2.412258091673761
-2.1436392212253494 2.3997641907226726
-2.1280218450364887 2.387270289771584
-2.112404468847628 2.3747763888204956
-2.0967870926587673 2.362282487869407
-2.0811697164699066 2.3497885869183186
-2.065552340281046 2.33729468596723
-2.049934964092185 2.3248007850161416
-2.0343175879033244 2.312306884065053
-2.0187002117144637 2.2998129831139646
-2.003082835525603 2.287319082162876
-1.9874654593367425 2.2748251812117877
-1.971848083147882 2.262331280260699
-1.9562307069590215 2.2498373793096107
-1.940613330770161 2.237343478358522
-1.9249959545813005 2.2248495774074337
-1.90937857839244 2.2123556764563452
-1.8937612022035795 2.1998617755052567
-1.878143826014719 2.1873678745541683
-1.8625264498258585 2.1748739736030798
-1.846909073636998 2.1623800726519913
-1.8312916974481375 2.149886171700903
-1.815674321259277 2.1373922707498143
-1.8000569450704165 2.124898369798726
-1.784439568881556 2.1124044688476373
-1.7688221926926955 2.099910567896549
-1.753204816503835 2.0874166669454604
-1.7375874403149745 2.074922765994372
-1.721970064126114 2.0624288650432834
-1.7063526879372535 2.049934964092195
-1.690735311748393 2.0374410631411064
-1.6751179355595325 2.024947162190018
-1.659500559370672 2.0124532612389294
-1.6438831831818115 1.999959360287841
-1.628265806992951 1.9874654593367524
-1.6126484308040905 1.974971558385664
-1.59703105461523 1.9624776574345755
-1.5814136784263695 1.949983756483487
-1.565796302237509 1.9374898555323985
-1.5501789260486485 1.92499595458131
-1.534561549859788 1.9125020536302215
-1.5189441736709275 1.900008152679133
-1.503326797482067 1.8875142517280445
-1.4877094212932065 1.875020350776956
-1.472092045104346 1.8625264498258676
-1.4564746689154855 1.850032548874779
-1.440857292726625 1.8375386479236906
-1.4252399165377645 1.825044746972602
-1.409622540348904 1.8125508460215136
-1.3940051641600435 1.8000569450704251
-1.378387787971183 1.7875630441193366
-1.3627704117823225 1.7750691431682482
-1.347153035593462 1.7625752422171597
-1.3315356594046015 1.7500813412660712
-1.315918283215741 1.7375874403149827
-1.3003009070268805 1.7250935393638942
-1.28468353083802 1.7125996384128057
-1.2690661546491595 1.7001057374617172
-1.253448778460299 1.6876118365106287
-1.2378314022714385 1.6751179355595402
-1.222214026082578 1.6626240346084518
-1.2065966498937175 1.6501301336573633
-1.190979273704857 1.6376362327062748
-1.1753618975159965 1.6251423317551863
-1.159744521327136 1.6126484308040978
-1.1441271451382755 1.6001545298530093
-1.128509768949415 1.5876606289019208
-1.1128923927605545 1.5751667279508323
-1.097275016571694 1.5626728269997439
-1.0816576403828335 1.5501789260486554
-1.066040264193973 1.5376850250975669
-1.0504228880051125 1.5251911241464784
-1.034805511816252 1.51269722319539
-1.0191881356273915 1.5002033222443014
-1.003570759438531 1.487709421293213
-0.9879533832496704 1.4752155203421244
-0.9723360070608098 1.462721619391036
-0.9567186308719492 1.4502277184399475
-0.9411012546830886 1.437733817488859
-0.925483878494228 1.4252399165377705
-0.9098665023053674 1.412746015586682
-0.8942491261165068 1.4002521146355935
-0.8786317499276461 1.387758213684505
-0.8630143737387855 1.3752643127334165
-0.8473969975499249 1.362770411782328
-0.8317796213610643 1.3502765108312396
-0.8161622451722037 1.337782609880151
-0.8005448689833431 1.3252887089290626
-0.7849274927944825 1.312794807977974
-0.7693101166056219 1.3003009070268856
-0.7536927404167613 1.2878070060757971
-0.7380753642279007 1.2753131051247086
-0.72245798803904 1.2628192041736201
-0.7068406118501794 1.2503253032225317
-0.6912232356613188 1.2378314022714432
-0.6756058594724582 1.2253375013203547
-0.6599884832835976 1.2128436003692662
-0.644371107094737 1.2003496994181777
-0.6287537309058764 1.1878557984670892
-0.6131363547170158 1.1753618975160007
-0.5975189785281552 1.1628679965649122
-0.5819016023392946 1.1503740956138238
-0.566284226150434 1.1378801946627353
-0.5506668499615733 1.1253862937116468
-0.5350494737727127 1.1128923927605583
-0.5194320975838521 1.1003984918094698
-0.5038147213949915 1.0879045908583813
-0.4881973452061309 1.0754106899072928
-0.4725799690172703 1.0629167889562043
-0.4569625928284097 1.0504228880051159
-0.44134521663954907 1.0379289870540274
-0.42572784045068846 1.0254350861029389
-0.41011046426182785 1.0129411851518504
-0.39449308807296724 1.000447284200762
-0.3788757118841066 0.9879533832496734
-0.363258335695246 0.9754594822985849
-0.3476409595063854 0.9629655813474964
-0.3320235833175248 0.950471680396408
-0.3164062071286642 0.9379777794453195
-0.3007888309398036 0.925483878494231
-0.28517145475094297 0.9129899775431425
-0.26955407856208236 0.900496076592054
-0.25393670237322175 0.8880021756409655
-0.23831932618436114 0.875508274689877
-0.22270194999550053 0.8630143737387885
-0.20708457380663992 0.8505204727877
-0.1914671976177793 0.8380265718366116
-0.17584982142891872 0.8255326708855231
-0.16023244524005814 0.8130387699344346
-0.14461506905119756 0.8005448689833461
-0.12899769286233698 0.7880509680322576
-0.11338031667347638 0.7755570670811691
-0.09776294048461578 0.7630631661300806
-0.08214556429575519 0.7505692651789921
-0.06652818810689459 0.7380753642279037
-0.050910811918033996 0.7255814632768152
-0.0352934357291734 0.7130875623257267
-0.019676059540312804 0.7005936613746382
-0.00405868335145221 0.6880997604235497
0.011558692837408388 0.6756058594724612
0.027176069026268984 0.6631119585213727
0.04279344521512958 0.6506180575702842
0.058410821403990176 0.6381241566191957
0.07402819759285077 0.6256302556681073
0.08964557378171137 0.6131363547170188
0.10526294997057196 0.6006424537659303
0.12088032615943256 0.5881485528148418
0.13649770234829314 0.5756546518637533
0.15211507853715373 0.5631607509126648
0.1677324547260143 0.5506668499615763
0.1833498309148749 0.5381729490104878
0.19896720710373547 0.5256790480593994
0.21458458329259608 0.5131851471083109
0.23020195948145666 0.5006912461572224
0.24581933567031727 0.4881973452061339
0.2614367118591779 0.4757034442550454
0.2770540880480385 0.4632095433039569
0.2926714642368991 0.45071564235286843
0.3082888404257597 0.43822174140177994
0.3239062166146203 0.42572784045069145
0.33952359280348093 0.41323393949960296
0.35514096899234154 0.4007400385485145
0.37075834518120215 0.388246137597426
0.38637572137006276 0.3757522366463375
0.4019930975589234 0.363258335695249
0.417610473747784 0.3507644347441605
0.4332278499366446 0.33827053379307204
0.4488452261255052 0.32577663284198355
0.4644626023143658 0.31328273189089506
0.4800799785032264 0.3007888309398066
0.49569735469208703 0.2882949299887181
0.5113147308809476 0.2758010290376296
0.5269321070698082 0.2633071280865411
0.5425494832586688 0.2508132271354526
0.5581668594475294 0.2383193261843641
0.57378423563639 0.2258254252332756
0.5894016118252506 0.21333152428218707
0.6050189880141112 0.20083762333109856
0.6206363642029719 0.18834372238001004
0.6362537403918325 0.17584982142892153
0.6518711165806931 0.163355920477833
0.6674884927695537 0.1508620195267445
0.6831058689584143 0.13836811857565598
0.6987232451472749 0.12587421762456746
0.7143406213361355 0.11338031667347896
0.7299579975249961 0.10088641572239046
0.7455753737138567 0.08839251477130196
0.7611927499027173 0.07589861382021346
0.776810126091578 0.06340471286912495
0.7924275022804386 0.05091081191803645
0.8080448784692992 0.03841691096694795
0.8236622546581598 0.025923010015859442
0.8392796308470204 0.013429109064770937
0.854897007035881 0.0009352081136824314
0.8705143832247416 -0.011558692837406074
0.8861317594136022 -0.024052593788494583
0.9017491356024628 -0.03654649473958309
0.9173665117913234 -0.0490403956906716
0.9329838879801841 -0.061534296641760106
0.9486012641690447 -0.07402819759284861
0.9642186403579053 -0.08652209854393711
0.9798360165467659 -0.09901599949502563
0.9954533927356265 -0.11150990044611414
1.011070768924487 -0.12400380139720266
1.0266881451133476 -0.13649770234829117
1.042305521302208 -0.1489916032993797
1.0579228974910686 -0.1614855042504682
1.073540273679929 -0.17397940520155672
1.0891576498687896 -0.18647330615264524
1.10477502605765 -0.19896720710373372
1.1203924022465106 -0.2114611080548222
1.136009778435371 -0.2239550090059107
1.1516271546242316 -0.2364489099569992
1.167244530813092 -0.24894281090808767
1.1828619070019526 -0.26143671185917616
1.198479283190813 -0.27393061281026465
1.2140966593796736 -0.28642451376135314
1.229714035568534 -0.2989184147124416
1.2453314117573946 -0.3114123156635301
1.260948787946255 -0.3239062166146186
1.2765661641351156 -0.3364001175657071
1.2921835403239763 -0.3488940185167956
1.307800916512837 -0.36138791946788407
1.3234182927016978 -0.37388182041897255
1.3390356688905583 -0.38637572137006104
1.3546530450794187 -0.39886962232114953
1.3702704212682795 -0.411363523272238
1.3858877974571402 -0.4238574242233265
1.4015051736460007 -0.436351325174415
1.4171225498348612 -0.4488452261255035
1.432739926023722 -0.46133912707659197
1.432739926023722 -0.46133912707659197
1.432739926023722 -0.46133912707659197
1.432739926023722 -0.46133912707659197
1.432739926023722 -0.46133912707659197
1.432739926023722 -0.46133912707659197
1.432739926023722 -0.46133912707659197
1.432739926023722 -0.46133912707659197
1.432739926023722 -0.46133912707659197
1.432739926023722 -0.46133912707659197
1.432739926023722 -0.46133912707659197
1.432739926023722 -0.46133912707659197
1.432739926023722 -0.46133912707659197
1.432739926023722 -0.46133912707659197
1.432739926023722 -0.46133912707659197
1.432739926023722 -0.46133912707659197
1.432739926023722 -0.46133912707659197
1.432739926023722 -0.46133912707659197
1.432739926023722 -0.46133912707659197
1.432739926023722 -0.46133912707659197
1.432739926023722 -0.46133912707659197
1.432739926023722 -0.46133912707659197
1.432739926023722 -0.46133912707659197
1.432739926023722 -0.46133912707659197
1.432739926023722 -0.46133912707659197
1.432739926023722 -0.46133912707659197
1.432739926023722 -0.46133912707659197
1.432739926023722 -0.46133912707659197
1.432739926023722 -0.46133912707659197
1.432739926023722 -0.46133912707659197
1.432739926023722 -0.46133912707659197
1.432739926023722 -0.46133912707659197
1.432739926023722 -0.46133912707659197
1.432739926023722 -0.46133912707659197
1.432739926023722 -0.46133912707659197
1.432739926023722 -0.46133912707659197
1.432739926023722 -0.46133912707659197
1.432739926023722 -0.46133912707659197
1.432739926023722 -0.46133912707659197
1.432739926023722 -0.46133912707659197
1.432739926023722 -0.46133912707659197
1.432739926023722 -0.46133912707659197
1.432739926023722 -0.46133912707659197
1.432739926023722 -0.46133912707659197
1.432739926023722 -0.46133912707659197
1.432739926023722 -0.46133912707659197
1.432739926023722 -0.46133912707659197
1.432739926023722 -0.46133912707659197
1.432739926023722 -0.46133912707659197
1.432739926023722 -0.46133912707659197
1.432739926023722 -0.46133912707659197
1.432739926023722 -0.46133912707659197
1.432739926023722 -0.46133912707659197
1.432739926023722 -0.46133912707659197
1.432739926023722 -0.46133912707659197
1.432739926023722 -0.46133912707659197
1.432739926023722 -0.46133912707659197
1.432739926023722 -0.46133912707659197
1.432739926023722 -0.46133912707659197
1.432739926023722 -0.46133912707659197
1.432739926023722 -0.46133912707659197
1.432739926023722 -0.46133912707659197
1.432739926023722 -0.46133912707659197
1.432739926023722 -0.46133912707659197
1.432739926023722 -0.46133912707659197
1.432739926023722 -0.46133912707659197
1.432739926023722 -0.46133912707659197
1.432739926023722 -0.46133912707659197
1.432739926023722 -0.46133912707659197
1.432739926023722 -0.46133912707659197
1.432739926023722 -0.46133912707659197
1.432739926023722 -0.46133912707659197
1.432739926023722 -0.46133912707659197
1.432739926023722 -0.46133912707659197
1.432739926023722 -0.46133912707659197
1.432739926023722 -0.46133912707659197
1.432739926023722 -0.46133912707659197
1.432739926023722 -0.46133912707659197
1.432739926023722 -0.46133912707659197
1.432739926023722 -0.46133912707659197
1.432739926023722 -0.46133912707659197
1.432739926023722 -0.46133912707659197
1.432739926023722 -0.46133912707659197
1.432739926023722 -0.46133912707659197
1.432739926023722 -0.46133912707659197
1.432739926023722 -0.46133912707659197
1.432739926023722 -0.46133912707659197
1.432739926023722 -0.46133912707659197
1.432739926023722 -0.46133912707659197
1.432739926023722 -0.46133912707659197
1.432739926023722 -0.46133912707659197
1.432739926023722 -0.46133912707659197
1.432739926023722 -0.46133912707659197
1.432739926023722 -0.46133912707659197
1.432739926023722 -0.46133912707659197
1.432739926023722 -0.46133912707659197
1.432739926023722 -0.46133912707659197
1.432739926023722 -0.46133912707659197
1.432739926023722 -0.46133912707659197
1.432739926023722 -0.46133912707659197
1.432739926023722 -0.46133912707659197
1.432739926023722 -0.46133912707659197
1.432739926023722 -0.46133912707659197
1.432739926023722 -0.46133912707659197
1.432739926023722 -0.46133912707659197
1.432739926023722 -0.46133912707659197
1.432739926023722 -0.46133912707659197
1.432739926023722 -0.46133912707659197
1.432739926023722 -0.46133912707659197
1.432739926023722 -0.46133912707659197
1.432739926023722 -0.46133912707659197
1.432739926023722 -0.46133912707659197
1.432739926023722 -0.46133912707659197
1.432739926023722 -0.46133912707659197
1.432739926023722 -0.46133912707659197
1.432739926023722 -0.46133912707659197
1.432739926023722 -0.46133912707659197
1.432739926023722 -0.46133912707659197
1.432739926023722 -0.46133912707659197
1.432739926023722 -0.46133912707659197
1.432739926023722 -0.46133912707659197
1.432739926023722 -0.46133912707659197
1.432739926023722 -0.46133912707659197
1.432739926023722 -0.46133912707659197
1.432739926023722 -0.46133912707659197

Drone_4:
-2.5601185550992107 3.41177016776084
-2.5601185550992107 3.41177016776084
-2.54450117891035 3.3992762668097516
-2.5288838027214893 3.386782365858663
-2.5132664265326286 3.3742884649075746
-2.497649050343768 3.361794563956486
-2.482031674154907 3.3493006630053976
-2.4664142979660464 3.336806762054309
-2.4507969217771857 3.3243128611032207
-2.435179545588325 3.311818960152132
-2.4195621693994642 3.2993250592010437
-2.4039447932106035 3.286831158249955
-2.388327417021743 3.2743372572988667
-2.372710040832882 3.2618433563477782
-2.3570926646440213 3.2493494553966897
-2.3414752884551606 3.2368555544456012
-2.3258579122663 3.2243616534945128
-2.310240536077439 3.2118677525434243
-2.2946231598885785 3.199373851592336
-2.2790057836997177 3.1868799506412473
-2.263388407510857 3.174386049690159
-2.2477710313219963 3.1618921487390703
-2.2321536551331356 3.149398247787982
-2.216536278944275 3.1369043468368933
-2.200918902755414 3.124410445885805
-2.1853015265665534 3.1119165449347164
-2.1696841503776927 3.099422643983628
-2.154066774188832 3.0869287430325394
-2.1384493979999712 3.074434842081451
-2.1228320218111105 3.0619409411303624
-2.10721464562225 3.049447040179274
-2.091597269433389 3.0369531392281854
-2.0759798932445284 3.024459238277097
-2.0603625170556676 3.0119653373260085
-2.044745140866807 2.99947143637492
-2.029127764677946 2.9869775354238315
-2.0135103884890855 2.974483634472743
-1.997893012300225 2.9619897335216545
-1.9822756361113645 2.949495832570566
-1.966658259922504 2.9370019316194775
-1.9510408837336435 2.924508030668389
-1.935423507544783 2.9120141297173006
-1.9198061313559225 2.899520228766212
-1.904188755167062 2.8870263278151236
-1.8885713789782015 2.874532426864035
-1.872954002789341 2.8620385259129466
-1.8573366266004805 2.849544624961858
-1.84171925041162 2.8370507240107696
-1.8261018742227595 2.824556823059681
-1.810484498033899 2.8120629221085927
-1.7948671218450385 2.799569021157504
-1.779249745656178 2.7870751202064157
-1.7636323694673175 2.774581219255327
-1.748014993278457 2.7620873183042387
-1.7323976170895965 2.74959341735315
-1.716780240900736 2.7370995164020617
-1.7011628647118755 2.7246056154509732
-1.685545488523015 2.7121117144998848
-1.6699281123341545 2.6996178135487963
-1.654310736145294 2.6871239125977078
-1.6386933599564335 2.6746300116466193
-1.623075983767573 2.662136110695531
-1.6074586075787125 2.6496422097444423
-1.591841231389852 2.637148308793354
-1.5762238552009915 2.6246544078422653
-1.560606479012131 2.612160506891177
-1.5449891028232705 2.5996666059400884
-1.52937172663441 2.587172704989
-1.5137543504455495 2.5746788040379114
-1.498136974256689 2.562184903086823
-1.4825195980678285 2.5496910021357344
-1.466902221878968 2.537197101184646
-1.4512848456901075 2.5247032002335574
-1.435667469501247 2.512209299282469
-1.4200500933123865 2.4997153983313805
-1.404432717123526 2.487221497380292
-1.3888153409346655 2.4747275964292035
-1.373197964745805 2.462233695478115
-1.3575805885569445 2.4497397945270265
-1.341963212368084 2.437245893575938
-1.3263458361792235 2.4247519926248495
-1.310728459990363 2.412258091673761
-1.2951110838015025 2.3997641907226726
-1.2794937076126418 2.387270289771584
-1.2638763314237813 2.3747763888204956
-1.2482589552349208 2.362282487869407
-1.2326415790460603 2.3497885869183186
-1.2170242028571998 2.33729468596723
-1.201406826668339 2.3248007850161416
-1.1857894504794784 2.312306884065053
-1.1701720742906176 2.2998129831139646
-1.1545546981017571 2.287319082162876
-1.1389373219128966 2.2748251812117877
-1.1233199457240362 2.262331280260699
-1.129837702472638 2.281239449050036
-1.1142496671455202 2.268708960047586
-1.1191075218025983 2.2881100231146116
-1.1035527587869276 2.2755382552386796
-1.1052702528852703 2.2954643741287737
-1.0897554055152723 2.2828433792755276
-1.082331881925458 2.301414628493377
-1.0668702926246798 2.288728444816082
-1.0595196528143571 2.30732866240564
-1.0441116213604584 2.2945774833732657
-1.0263296854624957 2.3037318678812895
-1.010973958761683 2.290917748423053
-1.0076583945745783 2.3106410096676138
-0.9923521242526321 2.2977678558647763
-0.973789608504112 2.3052131905843134
-0.9585344483513183 2.292279510183414
-0.947061592028006 2.3086616213960944
-0.9318646387351301 2.295659598068391
-0.9166676854422543 2.2826575747406874
-0.9036128094386666 2.29780914932985
-0.8884751558570355 2.284738133912426
-0.8733375022754044 2.271667118495002
-0.8568659354300951 2.260323067822491
-0.8379569356790938 2.266838413432405
-0.8228782459867141 2.2536994211894315
-0.8077995562943344 2.240560428946458
-0.7927208666019547 2.227421436703484
-0.777642176909575 2.2142824444605105
-0.7625634872171954 2.201143452217537
-0.7474847975248157 2.188004459974563
-0.732406107832436 2.1748654677315895
-0.7173274181400563 2.161726475488616
-0.7022487284476766 2.148587483245642
-0.6871700387552969 2.1354484910026685
-0.6720913490629172 2.122309498759695
-0.6570126593705375 2.109170506516721
-0.6419339696781579 2.0960315142737476
-0.6268552799857782 2.082892522030774
-0.6117765902933985 2.0697535297878003
-0.5966979006010188 2.0566145375448266
-0.5816192109086391 2.043475545301853
-0.5665405212162594 2.0303365530588793
-0.5514618315238797 2.0171975608159056
-0.5363831418315 2.004058568572932
-0.5213044521391204 1.9909195763299583
-0.5062257624467407 1.9777805840869846
-0.491147072754361 1.964641591844011
-0.4760683830619813 1.9515025996010373
-0.4609896933696016 1.9383636073580637
-0.4459110036772219 1.92522461511509
-0.43083231398484223 1.9120856228721164
-0.41575362429246254 1.8989466306291427
-0.40067493460008285 1.885807638386169
-0.38559624490770317 1.8726686461431954
-0.3705175552153235 1.8595296539002217
-0.3554388655229438 1.846390661657248
-0.3403601758305641 1.8332516694142744
-0.3252814861381844 1.8201126771713008
-0.31020279644580473 1.806973684928327
-0.29512410675342504 1.7938346926853534
-0.28004541706104535 1.7806957004423798
-0.26496672736866567 1.7675567081994061
-0.249888037676286 1.7544177159564325
-0.23480934798390635 1.7412787237134588
-0.2197306582915267 1.7281397314704852
-0.20465196859914703 1.7150007392275115
-0.18957327890676737 1.7018617469845378
-0.1744945892143877 1.6887227547415642
-0.15941589952200805 1.6755837624985905
-0.1443372098296284 1.6624447702556169
-0.12925852013724873 1.6493057780126432
-0.11417983044486907 1.6361667857696696
-0.09910114075248941 1.623027793526696
-0.08402245106010975 1.6098888012837222
-0.06894376136773009 1.5967498090407486
-0.05386507167535043 1.583610816797775
-0.03878638198297077 1.5704718245548013
-0.023707692290591113 1.5573328323118276
-0.008629002598211456 1.544193840068854
0.0064496870941682 1.5310548478258803
0.021528376786547856 1.5179158555829066
0.036607066478927516 1.504776863339933
0.051685756171307176 1.4916378710969593
0.06676444586368684 1.4784988788539857
0.0818431355560665 1.465359886611012
0.09692182524844614 1.4522208943680384
0.1120005149408258 1.4390819021250647
0.12707920463320546 1.425942909882091
0.14215789432558512 1.4128039176391174
0.15723658401796478 1.3996649253961437
0.17231527371034444 1.38652593315317
0.1873939634027241 1.3733869409101964
0.20247265309510376 1.3602479486672228
0.21755134278748342 1.347108956424249
0.23263003247986308 1.3339699641812754
0.24770872217224274 1.3208309719383018
0.2627874118646224 1.3076919796953281
0.27786610155700203 1.2945529874523545
0.29294479124938166 1.2814139952093808
0.3080234809417613 1.2682750029664072
0.32310217063414093 1.2551360107234335
0.33818086032652056 1.2419970184804598
0.3532595500189002 1.2288580262374862
0.3683382397112798 1.2157190339945125
0.38341692940365946 1.2025800417515389
0.3984956190960391 1.1894410495085652
0.4135743087884187 1.1763020572655916
0.42865299848079835 1.163163065022618
0.443731688173178 1.1500240727796442
0.4588103778655576 1.1368850805366706
0.47388906755793725 1.123746088293697
0.4889677572503169 1.1106070960507233
0.5040464469426965 1.0974681038077496
0.5191251366350762 1.084329111564776
0.5342038263274559 1.0711901193218023
0.5492825160198356 1.0580511270788286
0.5643612057122153 1.044912134835855
0.579439895404595 1.0317731425928813
0.5945185850969746 1.0186341503499077
0.6095972747893543 1.005495158106934
0.624675964481734 0.9923561658639602
0.6397546541741137 0.9792171736209865
0.6548333438664934 0.9660781813780127
0.6699120335588731 0.9529391891350389
0.6849907232512528 0.9398001968920652
0.7000694129436325 0.9266612046490914
0.7151481026360121 0.9135222124061176
0.7302267923283918 0.9003832201631439
0.7453054820207715 0.8872442279201701
0.7603841717131512 0.8741052356771963
0.7754628614055309 0.8609662434342226
0.7905415510979106 0.8478272511912488
0.8056202407902903 0.834688258948275
0.82069893048267 0.8215492667053013
0.8091762449050587 0.8378963678880649
0.8242257908724367 0.8247240041603289
0.8131012010010386 0.8413445787651127
0.828118904632755 0.8281359233592839
0.8174467226264707 0.8450505481326787
0.8324295635577142 0.8318023604215594
0.8222760609613392 0.8490333321012241
0.8372206340103674 0.8357419914471644
0.8276684160559683 0.8533134208754055
0.8425708469102843 0.8399748469399231
0.8337255406495168 0.8579125323299958
0.8485813701825548 0.8445220756953131
0.8405821469189422 0.8628527174510968
0.8553861685678086 0.8494050060093721
0.8484226318526388 0.8681535834598477
0.8631686592152877 0.8546423038379908
0.8575077521207551 0.8738244343470628
0.8721882892686128 0.8602420255382259
0.8682132846515173 0.8798430290404466
0.882819094333942 0.8661802941926651
0.8810634157461177 0.8861030849785027
0.8955831296464275 0.8723488889549923
0.8966559225505499 0.8923200961139215
0.9110763467388295 0.8784618362581502
0.9152594811256802 0.8980194789254439
0.9295677442997305 0.8840454456872512
0.9364904243344001 0.9028091473779515
0.9506764891482953 0.8887110778258474
0.9601440798049399 0.9063282491980686
0.9741998198544802 0.8921002426033362
0.9863327972183146 0.9079996407142297
1.0002515097634235 0.8936375572620759
1.0149066887685785 0.9072473231794921
1.0286843666484617 0.8927498891914314
1.0456418433188284 0.9033538500068048
1.059278364258057 0.8887235630419508
1.078002193359055 0.89575337269774
1.0915024937354028 0.8809972929423178
1.1113222173094879 0.8836765759521643
1.124698531781065 0.8688080114230149
1.1446315379261491 0.8671723873769581
1.1579017011758928 0.8522090064981208
1.1765844303699828 0.8450706852766925
1.1897813026343118 0.8300426261059618
1.2071895212019317 0.8201961076196149
1.2203328888115996 0.8051212315711317
1.2334762564212676 0.7900463555226485
1.2466196240309355 0.7749714794741652
1.2597629916406035 0.759896603425682
1.2729063592502714 0.7448217273771988
1.2860497268599393 0.7297468513287155
1.2991930944696073 0.7146719752802323
1.3123364620792752 0.6995970992317491
1.3254798296889432 0.6845222231832658
1.3386231972986111 0.6694473471347826
1.351766564908279 0.6543724710862994
1.364909932517947 0.6392975950378161
1.378053300127615 0.6242227189893329
1.391196667737283 0.6091478429408497
1.4043400353469508 0.5940729668923664
1.4174834029566188 0.5789980908438832
1.4306267705662867 0.5639232147954
1.4437701381759547 0.5488483387469167
1.4569135057856226 0.5337734626984335
1.4700568733952906 0.5186985866499503
1.4832002410049585 0.503623710601467
1.4963436086146265 0.48854883455298387
1.5094869762242944 0.4734739585045007
1.5226303438339623 0.4583990824560175
1.5357737114436303 0.44332420640753434
1.5489170790532982 0.42824933035905116
1.5620604466629662 0.413174454310568
1.5752038142726341 0.3980995782620848
1.588347181882302 0.38302470221360163
1.60149054949197 0.36794982616511845
1.614633917101638 0.3528749501166353
1.627777284711306 0.3378000740681521
1.6409206523209738 0.3227251980196689
1.6540640199306418 0.30765032197118575
1.6672073875403097 0.29257544592270257
1.6803507551499777 0.2775005698742194
1.6934941227596456 0.2624256938257362
1.7066374903693136 0.247350817777253
1.7197808579789815 0.2322759417287698
1.7329242255886494 0.2172010656802866
1.7460675931983174 0.2021261896318034
1.7592109608079853 0.1870513135833202
1.7723543284176533 0.171976437534837
1.7854976960273212 0.15690156148635379
1.7986410636369892 0.14182668543787058
1.8117844312466571 0.12675180938938738
1.824927798856325 0.11167693334090417
1.838071166465993 0.09660205729242097
1.851214534075661 0.08152718124393776
1.8643579016853289 0.06645230519545456
1.8775012692949968 0.051377429146971354
1.8906446369046648 0.03630255309848815
1.9037880045143327 0.021227677050004938
1.9169313721240007 0.006152801001521728
1.9300747397336686 -0.008922075046961485
1.9432181073433366 -0.023996951095444693
1.9563614749530045 -0.03907182714392791
1.9695048425626724 -0.05414670319241112
1.9826482101723404 -0.06922157924089434
1.9957915777820083 -0.08429645528937756
2.008934945391676 -0.09937133133786077
2.022078313001344 -0.11444620738634398
2.035221680611012 -0.12952108343482718
2.04836504822068 -0.1445959594833104
2.061508415830348 -0.1596708355317936
2.0746517834400158 -0.1747457115802768
2.0877951510496837 -0.18982058762876
2.1009385186593517 -0.2048954636772432
2.1140818862690196 -0.21997033972572644
2.1272252538786875 -0.23504521577420967
2.1403686214883555 -0.2501200918226929
2.1535119890980234 -0.26519496787117613
2.1666553567076914 -0.28026984391965937
2.1797987243173593 -0.2953447199681426
2.1929420919270273 -0.31041959601662583
2.206085459536695 -0.32549447206510906
2.219228827146363 -0.3405693481135923
2.232372194756031 -0.35564422416207553
2.245515562365699 -0.37071910021055876
2.258658929975367 -0.385793976259042
2.271802297585035 -0.4008688523075252
2.284945665194703 -0.41594372835600846
2.298089032804371 -0.4310186044044917
2.298089032804371 -0.4310186044044917
2.298089032804371 -0.4310186044044917
2.298089032804371 -0.4310186044044917
2.298089032804371 -0.4310186044044917
2.298089032804371 -0.4310186044044917
2.298089032804371 -0.4310186044044917
2.298089032804371 -0.4310186044044917
2.298089032804371 -0.4310186044044917
2.298089032804371 -0.4310186044044917
2.298089032804371 -0.4310186044044917
2.298089032804371 -0.4310186044044917
2.298089032804371 -0.4310186044044917
2.298089032804371 -0.4310186044044917
2.298089032804371 -0.4310186044044917
2.298089032804371 -0.4310186044044917
2.298089032804371 -0.4310186044044917
2.298089032804371 -0.4310186044044917
2.298089032804371 -0.4310186044044917
2.298089032804371 -0.4310186044044917
2.298089032804371 -0.4310186044044917
2.298089032804371 -0.4310186044044917
2.298089032804371 -0.4310186044044917
2.298089032804371 -0.4310186044044917
2.298089032804371 -0.4310186044044917
2.298089032804371 -0.4310186044044917
2.298089032804371 -0.4310186044044917
2.298089032804371 -0.4310186044044917
2.298089032804371 -0.4310186044044917
2.298089032804371 -0.4310186044044917
2.298089032804371 -0.4310186044044917
2.298089032804371 -0.4310186044044917
2.298089032804371 -0.4310186044044917
2.298089032804371 -0.4310186044044917
2.298089032804371 -0.4310186044044917
2.298089032804371 -0.4310186044044917
2.298089032804371 -0.4310186044044917
2.298089032804371 -0.4310186044044917
2.298089032804371 -0.4310186044044917
2.298089032804371 -0.4310186044044917
2.298089032804371 -0.4310186044044917
2.298089032804371 -0.4310186044044917
2.298089032804371 -0.4310186044044917
2.298089032804371 -0.4310186044044917
2.298089032804371 -0.4310186044044917
2.298089032804371 -0.4310186044044917
2.298089032804371 -0.4310186044044917
2.298089032804371 -0.4310186044044917
2.298089032804371 -0.4310186044044917
2.298089032804371 -0.4310186044044917
2.298089032804371 -0.4310186044044917
2.298089032804371 -0.4310186044044917
2.298089032804371 -0.4310186044044917
2.298089032804371 -0.4310186044044917
2.298089032804371 -0.4310186044044917
2.298089032804371 -0.4310186044044917
2.298089032804371 -0.4310186044044917
2.298089032804371 -0.4310186044044917
2.298089032804371 -0.4310186044044917
2.298089032804371 -0.4310186044044917
2.298089032804371 -0.4310186044044917
2.298089032804371 -0.4310186044044917
2.298089032804371 -0.4310186044044917
2.298089032804371 -0.4310186044044917
2.298089032804371 -0.4310186044044917
2.298089032804371 -0.4310186044044917
2.298089032804371 -0.4310186044044917
2.298089032804371 -0.4310186044044917
2.298089032804371 -0.4310186044044917
2.298089032804371 -0.4310186044044917
2.298089032804371 -0.4310186044044917
2.298089032804371 -0.4310186044044917
2.298089032804371 -0.4310186044044917
2.298089032804371 -0.4310186044044917
2.298089032804371 -0.4310186044044917
2.298089032804371 -0.4310186044044917
2.298089032804371 -0.4310186044044917
2.298089032804371 -0.4310186044044917
2.298089032804371 -0.4310186044044917
2.298089032804371 -0.4310186044044917
2.298089032804371 -0.4310186044044917

